lvse7:3001,3002,3015,3047,3055,3062,3064,3072,3075,3080,3091,3111,3114,3124,3140,3141,3142,3192,3203,3218,3219,3232,3240,3262,3279,3281,3298,3308,3312,3322,3325,3330,3332,3333,3334,3336,3337,3339,3342,3358,3371,3374,3375,3379,3399,3401,3418,3419,3433,3460,3464,3471,3481,
lvse8:3501,3502,3536,3552,3555,3556,3561,3565,3576,3579,3580,3587,3593,3601,3602,3614,3623,3641,3642,3655,3667,3680,3682,3683,3685,3701,3703,3704,3719,3732,3740,3760,3762,3779,3780,3781,3806,3824,3857,3858,3865,3871,3878,3892,3893,3894,3899,3902,3909,3914,3918,3919,3922,3953,3963,3979,3981,3993,
lvse9:4036,4041,4043,4050,4051,4064,4065,4079,4080,4093,4101,4140,4144,4175,4180,4186,4201,4218,4227,4228,4229,4232,4239,4240,4241,4263,4291,4314,4319,4321,4324,4325,4330,4338,4340,4342,4357,4365,4371,4379,4386,4388,4389,4393,4394,4400,4453,4463,4479,4480,4489,
lvse10:4501,4532,4541,4543,4546,4547,4554,4556,4562,4570,4577,4582,4593,4601,4602,4604,4621,4622,4624,4640,4641,4644,4649,4654,4660,4661,4673,4675,4678,4679,4701,4703,4721,4722,4726,4732,4739,4740,4743,4744,4759,4761,4770,4779,4780,4785,4786,4789,4812,4818,4819,4822,4830,4832,4833,4838,4840,4842,4855,4856,4860,4861,4871,4880,4882,4883,4886,4900,4901,4902,4909,4912,4919,4945,4957,4958,4961,4965,4971,4972,4979,4980,4983,4994,4995,4997,4999,5000,
lvse11:5001,5011,5012,5037,5039,5041,5042,5043,5047,5048,5049,5050,5051,5055,5056,5058,5061,5064,5065,5072,5073,5081,5082,5084,5087,5093,5098,5103,5105,5113,5122,5123,5124,5127,5140,5141,5150,5151,5155,5158,5164,5167,5176,5178,5179,5183,5185,5186,5188,5189,5202,5203,5205,5219,5220,5221,5222,5223,5226,5227,5232,5239,5240,5243,5245,5246,5252,5259,5260,5261,5262,5266,5267,5269,5270,5277,5280,5281,5303,5312,5319,5321,5322,5324,5326,5329,5332,5333,5342,5343,5350,5356,5357,5358,5360,5361,5365,5366,5367,5368,5369,5370,5371,5372,5379,
lvselost:28,285,320,334,367,413,460,463,465,511,588,614,623,669,843,934,
lvselost:1002,1100,1125,1147,1154,1186,1194,1217,1219,1220,1223,1231,1234,1273,1274,1292,1297,1302,1318,1334,1363,1370,1371,1374,1385,1387,1414,1435,1442,1446,1457,1459,1462,1463,1466,1468,1469,1477,1478,1484,1492,
lvselost:1523,1527,1690,1706,1721,1783,1840,1844,1889,3047,3219,3330,3332,3336,3342,3401,3418,3460,
lvselost:3501,3502,3614,3740,3779,3857,3858,3892,3899,3902,3979,4043,4080,4175,4239,4314,4463,4480,4501,4532,4541,4577,4593,4602,4604,4660,4661,4673,4703,4721,4732,4743,4744,4779,4789,4818,4912,5037,5047,5051,5082,5127,5222,5227,5240,5243,5245,5260,5269,5333,5368,5370,
lvselost:28,285,1446,3336,3342,4043,4175,4577,4660,4732,4789,4912,5047,
lvselost:28,28
lvselost:28,28,
lvselost:28,28,
lvse5:2019,2023,2067,2071,2082,2086,2087,2092,2093,2106,2110,2111,2112,2153,2159,2160,2166,2181,2203,2218,2219,2220,2223,2252,2257,2258,2265,2266,2282,2283,2288,2290,2298,2305,2310,2328,2330,2355,2358,2390,2394,2399,2405,2412,2414,2419,2472,2484,2487,2492,
lvse6:2534,2536,2539,2553,2556,2567,2583,2587,2614,2625,2644,2645,2681,2701,2716,2720,2723,2747,2754,2757,2790,2805,2810,2817,2824,2825,2826,2832,2858,2863,2867,2873,2897,2899,2913,2914,2920,2922,2923,2937,2971,2972,2984,2997,
lvselost:2023,2067,2203,2328,2539,2614,2805,2863,2920,
lvselost:2203,
lvselost:
ddbook:12,
ddcloth:12,
ddshoe:12,
ddmakeup:
ddhousehold:
ddfood:12,
dddigital:13,15,
ddmobile:2,11,12,19,
ddpc:4,11,16,19,
ddapplicate:2,3,4,5,6,7,8,9,10,11,12,13,14,15,16,17,18,19,20,
ddapplicate:6,11,16,19,
ddbook:
ddcloth:
ddshoe:
ddmakeup:
ddhousehold:
ddfood:
dddigital:
ddmobile:
ddpc:22,
ddapplicate:
教辅:
童书:3,8,
教材:2,3,
管理:2,8,
计算机及网络:2,3,4,8,
外语:2,3,4,8,
医学:2,8,
经济:2,3,4,
法律:
建筑:2,3,8,
教辅:2,4,
童书:8,
教材:2,8,
管理:2,8,
计算机及网络:2,8,
外语:8,
医学:8,
经济:2,8,12,
法律:12,
建筑:8,
